+------+-----------+
| hour | total_mag |
+------+-----------+
| 0    | 275.4     |
| 1    | 190.1     |
| 10   | 207.8     |
| 11   | 132.9     |
| 12   | 212.7     |
| 13   | 212.7     |
| 14   | 280.0     |
| 15   | 260.7     |
| 16   | 230.6     |
| 17   | 248.2     |
| 18   | 304.9     |
| 19   | 222.7     |
| 2    | 188.2     |
| 20   | 226.9     |
| 21   | 289.4     |
| 22   | 261.3     |
| 23   | 278.2     |
| 3    | 215.3     |
| 4    | 286.7     |
| 5    | 246.2     |
| 6    | 143.9     |
| 7    | 182.6     |
| 8    | 235.6     |
| 9    | 219.7     |
+------+-----------+
